   1.0000000e+00   7.6279152e+03   1.8697644e+03   3.1108782e+02
   2.0000000e+00   7.6278525e+03   1.8697648e+03   4.3508734e+02
   3.0000000e+00   7.6277487e+03   1.8697647e+03   5.2746674e+02
   4.0000000e+00   7.6276042e+03   1.8697647e+03   6.0306303e+02
   5.0000000e+00   7.6274178e+03   1.8697648e+03   6.6770842e+02
   6.0000000e+00   7.6271905e+03   1.8697648e+03   7.2443503e+02
   7.0000000e+00   7.6269215e+03   1.8697647e+03   7.7506728e+02
   8.0000000e+00   7.6266112e+03   1.8697647e+03   8.2081014e+02
   9.0000000e+00   7.6262594e+03   1.8697648e+03   8.6251071e+02
   1.0000000e+01   7.6258661e+03   1.8697647e+03   9.0079438e+02
   1.1000000e+01   7.6254317e+03   1.8697648e+03   9.3613854e+02
   1.2000000e+01   7.6249557e+03   1.8697647e+03   9.6891924e+02
   1.3000000e+01   7.6244384e+03   1.8697648e+03   9.9943904e+02
   1.4000000e+01   7.6238795e+03   1.8697647e+03   1.0279458e+03
   1.5000000e+01   7.6232793e+03   1.8697654e+03   1.0546469e+03
   1.6000000e+01   7.6226373e+03   1.8697647e+03   1.0797169e+03
   1.7000000e+01   7.6219543e+03   1.8697674e+03   1.1033051e+03
   1.8000000e+01   7.6212293e+03   1.8697647e+03   1.1255413e+03
   1.9000000e+01   7.6204631e+03   1.8697647e+03   1.1465377e+03
   2.0000000e+01   7.6196552e+03   1.8697647e+03   1.1663930e+03
   2.1000000e+01   7.6188055e+03   1.8697648e+03   1.1851952e+03
   2.2000000e+01   7.6179144e+03   1.8697647e+03   1.2030219e+03
   2.3000000e+01   7.6169816e+03   1.8697648e+03   1.2199427e+03
   2.4000000e+01   7.6160071e+03   1.8697648e+03   1.2360205e+03
   2.5000000e+01   7.6149910e+03   1.8697639e+03   1.2513119e+03
   2.6000000e+01   7.6139330e+03   1.8697648e+03   1.2658680e+03
   2.7000000e+01   7.6128333e+03   1.8697647e+03   1.2797360e+03
   2.8000000e+01   7.6116918e+03   1.8697647e+03   1.2929587e+03
   2.9000000e+01   7.6105084e+03   1.8697669e+03   1.3055750e+03
   3.0000000e+01   7.6092832e+03   1.8697648e+03   1.3176212e+03
   3.1000000e+01   7.6080161e+03   1.8697647e+03   1.3291302e+03
   3.2000000e+01   7.6067070e+03   1.8697649e+03   1.3401332e+03
   3.3000000e+01   7.6053558e+03   1.8697648e+03   1.3506581e+03
   3.4000000e+01   7.6039627e+03   1.8697648e+03   1.3607317e+03
   3.5000000e+01   7.6025274e+03   1.8697647e+03   1.3703784e+03
   3.6000000e+01   7.6010501e+03   1.8697647e+03   1.3796208e+03
   3.7000000e+01   7.5995305e+03   1.8697649e+03   1.3884807e+03
   3.8000000e+01   7.5979688e+03   1.8697648e+03   1.3969774e+03
   3.9000000e+01   7.5963648e+03   1.8697652e+03   1.4051303e+03
   4.0000000e+01   7.5947184e+03   1.8697648e+03   1.4129562e+03
   4.1000000e+01   7.5930297e+03   1.8697624e+03   1.4204721e+03
   4.2000000e+01   7.5912986e+03   1.8697647e+03   1.4276927e+03
   4.3000000e+01   7.5895250e+03   1.8697647e+03   1.4346330e+03
   4.4000000e+01   7.5877089e+03   1.8697648e+03   1.4413065e+03
   4.5000000e+01   7.5858502e+03   1.8697647e+03   1.4477260e+03
   4.6000000e+01   7.5839488e+03   1.8697635e+03   1.4539037e+03
   4.7000000e+01   7.5820048e+03   1.8697648e+03   1.4598511e+03
   4.8000000e+01   7.5800180e+03   1.8697648e+03   1.4655787e+03
   4.9000000e+01   7.5779883e+03   1.8697646e+03   1.4710971e+03
   5.0000000e+01   7.5759159e+03   1.8697645e+03   1.4764157e+03
   5.1000000e+01   7.5738004e+03   1.8697648e+03   1.4815436e+03
   5.2000000e+01   7.5716419e+03   1.8697669e+03   1.4864897e+03
   5.3000000e+01   7.5694404e+03   1.8697643e+03   1.4912624e+03
   5.4000000e+01   7.5671958e+03   1.8697647e+03   1.4958690e+03
   5.5000000e+01   7.5649079e+03   1.8697650e+03   1.5003174e+03
   5.6000000e+01   7.5625767e+03   1.8697651e+03   1.5046142e+03
   5.7000000e+01   7.5602022e+03   1.8697634e+03   1.5087665e+03
   5.8000000e+01   7.5577842e+03   1.8697647e+03   1.5127801e+03
   5.9000000e+01   7.5553228e+03   1.8697648e+03   1.5166615e+03
   6.0000000e+01   7.5528177e+03   1.8697648e+03   1.5204164e+03
   6.1000000e+01   7.5502691e+03   1.8697647e+03   1.5240502e+03
   6.2000000e+01   7.5476768e+03   1.8697666e+03   1.5275679e+03
   6.3000000e+01   7.5450406e+03   1.8697648e+03   1.5309748e+03
   6.4000000e+01   7.5423605e+03   1.8697649e+03   1.5342753e+03
   6.5000000e+01   7.5396365e+03   1.8697641e+03   1.5374743e+03
   6.6000000e+01   7.5368684e+03   1.8697647e+03   1.5405757e+03
   6.7000000e+01   7.5340562e+03   1.8697647e+03   1.5435838e+03
   6.8000000e+01   7.5311998e+03   1.8697653e+03   1.5465023e+03
   6.9000000e+01   7.5282991e+03   1.8697648e+03   1.5493352e+03
   7.0000000e+01   7.5253539e+03   1.8697640e+03   1.5520858e+03
   7.1000000e+01   7.5223644e+03   1.8697648e+03   1.5547576e+03
   7.2000000e+01   7.5193302e+03   1.8697648e+03   1.5573538e+03
   7.3000000e+01   7.5162514e+03   1.8697657e+03   1.5598777e+03
   7.4000000e+01   7.5131279e+03   1.8697648e+03   1.5623319e+03
   7.5000000e+01   7.5099594e+03   1.8697648e+03   1.5647197e+03
   7.6000000e+01   7.5067461e+03   1.8697664e+03   1.5670431e+03
   7.7000000e+01   7.5034877e+03   1.8697643e+03   1.5693052e+03
   7.8000000e+01   7.5001842e+03   1.8697654e+03   1.5715082e+03
   7.9000000e+01   7.4968355e+03   1.8697648e+03   1.5736547e+03
   8.0000000e+01   7.4934414e+03   1.8697645e+03   1.5757464e+03
   8.1000000e+01   7.4900020e+03   1.8697648e+03   1.5777864e+03
   8.2000000e+01   7.4865170e+03   1.8697648e+03   1.5797761e+03
   8.3000000e+01   7.4829863e+03   1.8697657e+03   1.5817174e+03
   8.4000000e+01   7.4794099e+03   1.8697654e+03   1.5836123e+03
   8.5000000e+01   7.4757877e+03   1.8697648e+03   1.5854628e+03
   8.6000000e+01   7.4721195e+03   1.8697666e+03   1.5872704e+03
   8.7000000e+01   7.4684053e+03   1.8697666e+03   1.5890367e+03
   8.8000000e+01   7.4646448e+03   1.8697648e+03   1.5907633e+03
   8.9000000e+01   7.4608382e+03   1.8697647e+03   1.5924521e+03
   9.0000000e+01   7.4569851e+03   1.8697647e+03   1.5941040e+03
   9.1000000e+01   7.4530855e+03   1.8697648e+03   1.5957205e+03
   9.2000000e+01   7.4491393e+03   1.8697648e+03   1.5973033e+03
   9.3000000e+01   7.4451464e+03   1.8697648e+03   1.5988530e+03
   9.4000000e+01   7.4411067e+03   1.8697648e+03   1.6003713e+03
   9.5000000e+01   7.4370199e+03   1.8697622e+03   1.6018593e+03
   9.6000000e+01   7.4328861e+03   1.8697648e+03   1.6033180e+03
   9.7000000e+01   7.4287051e+03   1.8697645e+03   1.6047484e+03
   9.8000000e+01   7.4244768e+03   1.8697648e+03   1.6061517e+03
   9.9000000e+01   7.4202010e+03   1.8697648e+03   1.6075285e+03
   1.0000000e+02   7.4158777e+03   1.8697647e+03   1.6088803e+03
   1.0100000e+02   7.4115066e+03   1.8697646e+03   1.6102076e+03
   1.0200000e+02   7.4070878e+03   1.8697648e+03   1.6115114e+03
   1.0300000e+02   7.4026210e+03   1.8697648e+03   1.6127922e+03
   1.0400000e+02   7.3981061e+03   1.8697648e+03   1.6140512e+03
   1.0500000e+02   7.3935430e+03   1.8697648e+03   1.6152892e+03
   1.0600000e+02   7.3889317e+03   1.8697646e+03   1.6165061e+03
   1.0700000e+02   7.3842718e+03   1.8697669e+03   1.6177040e+03
   1.0800000e+02   7.3795634e+03   1.8697647e+03   1.6188820e+03
   1.0900000e+02   7.3748062e+03   1.8697648e+03   1.6200417e+03
   1.1000000e+02   7.3700002e+03   1.8697648e+03   1.6211834e+03
   1.1100000e+02   7.3651451e+03   1.8697648e+03   1.6223080e+03
   1.1200000e+02   7.3602410e+03   1.8697647e+03   1.6234154e+03
   1.1300000e+02   7.3552876e+03   1.8697648e+03   1.6245068e+03
   1.1400000e+02   7.3502848e+03   1.8697648e+03   1.6255823e+03
   1.1500000e+02   7.3452324e+03   1.8697648e+03   1.6266426e+03
   1.1600000e+02   7.3401304e+03   1.8697652e+03   1.6276878e+03
   1.1700000e+02   7.3349785e+03   1.8697648e+03   1.6287188e+03
   1.1800000e+02   7.3297767e+03   1.8697670e+03   1.6297359e+03
   1.1900000e+02   7.3245248e+03   1.8697648e+03   1.6307395e+03
   1.2000000e+02   7.3192226e+03   1.8697659e+03   1.6317297e+03
   1.2100000e+02   7.3138700e+03   1.8697649e+03   1.6327072e+03
   1.2200000e+02   7.3084668e+03   1.8697648e+03   1.6336723e+03
   1.2300000e+02   7.3030130e+03   1.8697666e+03   1.6346254e+03
   1.2400000e+02   7.2975083e+03   1.8697647e+03   1.6355667e+03
   1.2500000e+02   7.2919527e+03   1.8697648e+03   1.6364965e+03
   1.2600000e+02   7.2863459e+03   1.8697648e+03   1.6374150e+03
   1.2700000e+02   7.2806878e+03   1.8697646e+03   1.6383229e+03
   1.2800000e+02   7.2749783e+03   1.8697647e+03   1.6392201e+03
   1.2900000e+02   7.2692172e+03   1.8697648e+03   1.6401067e+03
   1.3000000e+02   7.2634043e+03   1.8697647e+03   1.6409836e+03
   1.3100000e+02   7.2575396e+03   1.8697656e+03   1.6418507e+03
   1.3200000e+02   7.2516228e+03   1.8697647e+03   1.6427080e+03
   1.3300000e+02   7.2456537e+03   1.8697648e+03   1.6435561e+03
   1.3400000e+02   7.2396324e+03   1.8697647e+03   1.6443951e+03
   1.3500000e+02   7.2335584e+03   1.8697644e+03   1.6452249e+03
   1.3600000e+02   7.2274318e+03   1.8697635e+03   1.6460461e+03
   1.3700000e+02   7.2212524e+03   1.8697627e+03   1.6468588e+03
   1.3800000e+02   7.2150199e+03   1.8697647e+03   1.6476628e+03
   1.3900000e+02   7.2087343e+03   1.8697647e+03   1.6484591e+03
   1.4000000e+02   7.2023954e+03   1.8697650e+03   1.6492468e+03
   1.4100000e+02   7.1960030e+03   1.8697647e+03   1.6500271e+03
   1.4200000e+02   7.1895570e+03   1.8697645e+03   1.6507996e+03
   1.4300000e+02   7.1830571e+03   1.8697648e+03   1.6515644e+03
   1.4400000e+02   7.1765033e+03   1.8697649e+03   1.6523219e+03
   1.4500000e+02   7.1698953e+03   1.8697646e+03   1.6530716e+03
   1.4600000e+02   7.1632330e+03   1.8697648e+03   1.6538147e+03
   1.4700000e+02   7.1565162e+03   1.8697644e+03   1.6545503e+03
   1.4800000e+02   7.1497448e+03   1.8697648e+03   1.6552793e+03
   1.4900000e+02   7.1429186e+03   1.8697651e+03   1.6560013e+03
   1.5000000e+02   7.1360375e+03   1.8697648e+03   1.6567165e+03
   1.5100000e+02   7.1291012e+03   1.8697640e+03   1.6574253e+03
   1.5200000e+02   7.1221096e+03   1.8697661e+03   1.6581274e+03
   1.5300000e+02   7.1150625e+03   1.8697642e+03   1.6588233e+03
   1.5400000e+02   7.1079598e+03   1.8697662e+03   1.6595128e+03
   1.5500000e+02   7.1008012e+03   1.8697648e+03   1.6601959e+03
   1.5600000e+02   7.0935867e+03   1.8697648e+03   1.6608730e+03
   1.5700000e+02   7.0863160e+03   1.8697652e+03   1.6615439e+03
   1.5800000e+02   7.0789890e+03   1.8697666e+03   1.6622090e+03
   1.5900000e+02   7.0716056e+03   1.8697647e+03   1.6628684e+03
   1.6000000e+02   7.0641654e+03   1.8697648e+03   1.6635216e+03
   1.6100000e+02   7.0566684e+03   1.8697648e+03   1.6641692e+03
   1.6200000e+02   7.0491144e+03   1.8697644e+03   1.6648109e+03
   1.6300000e+02   7.0415032e+03   1.8697648e+03   1.6654473e+03
   1.6400000e+02   7.0338346e+03   1.8697648e+03   1.6660777e+03
   1.6500000e+02   7.0261086e+03   1.8697648e+03   1.6667029e+03
   1.6600000e+02   7.0183248e+03   1.8697648e+03   1.6673226e+03
   1.6700000e+02   7.0104831e+03   1.8697647e+03   1.6679366e+03
   1.6800000e+02   7.0025834e+03   1.8697658e+03   1.6685457e+03
   1.6900000e+02   6.9946255e+03   1.8697647e+03   1.6691494e+03
   1.7000000e+02   6.9866092e+03   1.8697638e+03   1.6697479e+03
   1.7100000e+02   6.9785343e+03   1.8697648e+03   1.6703409e+03
   1.7200000e+02   6.9704008e+03   1.8697651e+03   1.6709294e+03
   1.7300000e+02   6.9622082e+03   1.8697648e+03   1.6715122e+03
   1.7400000e+02   6.9539566e+03   1.8697659e+03   1.6720902e+03
   1.7500000e+02   6.9456458e+03   1.8697648e+03   1.6726629e+03
   1.7600000e+02   6.9372755e+03   1.8697647e+03   1.6732310e+03
   1.7700000e+02   6.9288456e+03   1.8697647e+03   1.6737941e+03
   1.7800000e+02   6.9203560e+03   1.8697648e+03   1.6743521e+03
   1.7900000e+02   6.9118064e+03   1.8697648e+03   1.6749054e+03
   1.8000000e+02   6.9031967e+03   1.8697648e+03   1.6754539e+03
   1.8100000e+02   6.8945267e+03   1.8697647e+03   1.6759975e+03
   1.8200000e+02   6.8857962e+03   1.8697647e+03   1.6765365e+03
   1.8300000e+02   6.8770051e+03   1.8697647e+03   1.6770708e+03
   1.8400000e+02   6.8681532e+03   1.8697639e+03   1.6776004e+03
   1.8500000e+02   6.8592404e+03   1.8697648e+03   1.6781252e+03
   1.8600000e+02   6.8502664e+03   1.8697648e+03   1.6786455e+03
   1.8700000e+02   6.8412312e+03   1.8697648e+03   1.6791613e+03
   1.8800000e+02   6.8321344e+03   1.8697648e+03   1.6796722e+03
   1.8900000e+02   6.8229761e+03   1.8697648e+03   1.6801786e+03
   1.9000000e+02   6.8137559e+03   1.8697648e+03   1.6806808e+03
   1.9100000e+02   6.8044738e+03   1.8697647e+03   1.6811784e+03
   1.9200000e+02   6.7951295e+03   1.8697647e+03   1.6816716e+03
   1.9300000e+02   6.7857230e+03   1.8697647e+03   1.6821604e+03
   1.9400000e+02   6.7762540e+03   1.8697647e+03   1.6826447e+03
   1.9500000e+02   6.7667224e+03   1.8697647e+03   1.6831247e+03
   1.9600000e+02   6.7571280e+03   1.8697648e+03   1.6836003e+03
   1.9700000e+02   6.7474706e+03   1.8697648e+03   1.6840717e+03
   1.9800000e+02   6.7377503e+03   1.8697636e+03   1.6845383e+03
   1.9900000e+02   6.7279666e+03   1.8697648e+03   1.6850009e+03
   2.0000000e+02   6.7181195e+03   1.8697648e+03   1.6854593e+03
   2.0100000e+02   6.7082089e+03   1.8697648e+03   1.6859136e+03
   2.0200000e+02   6.6982346e+03   1.8697648e+03   1.6863636e+03
   2.0300000e+02   6.6881964e+03   1.8697648e+03   1.6868094e+03
   2.0400000e+02   6.6780943e+03   1.8697648e+03   1.6872509e+03
   2.0500000e+02   6.6679279e+03   1.8697648e+03   1.6876882e+03
   2.0600000e+02   6.6576973e+03   1.8697648e+03   1.6881216e+03
   2.0700000e+02   6.6474021e+03   1.8697648e+03   1.6885506e+03
   2.0800000e+02   6.6370425e+03   1.8697648e+03   1.6889757e+03
   2.0900000e+02   6.6266181e+03   1.8697651e+03   1.6893968e+03
   2.1000000e+02   6.6161287e+03   1.8697648e+03   1.6898136e+03
   2.1100000e+02   6.6055744e+03   1.8697648e+03   1.6902264e+03
   2.1200000e+02   6.5949550e+03   1.8697648e+03   1.6906353e+03
   2.1300000e+02   6.5842703e+03   1.8697648e+03   1.6910401e+03
   2.1400000e+02   6.5735201e+03   1.8697678e+03   1.6914409e+03
   2.1500000e+02   6.5627045e+03   1.8697647e+03   1.6918379e+03
   2.1600000e+02   6.5518232e+03   1.8697647e+03   1.6922308e+03
   2.1700000e+02   6.5408761e+03   1.8697648e+03   1.6926199e+03
   2.1800000e+02   6.5298630e+03   1.8697648e+03   1.6930051e+03
   2.1900000e+02   6.5187839e+03   1.8697648e+03   1.6933862e+03
   2.2000000e+02   6.5076387e+03   1.8697661e+03   1.6937635e+03
   2.2100000e+02   6.4964272e+03   1.8697648e+03   1.6941369e+03
   2.2200000e+02   6.4851494e+03   1.8697648e+03   1.6945064e+03
   2.2300000e+02   6.4738051e+03   1.8697648e+03   1.6948724e+03
   2.2400000e+02   6.4623942e+03   1.8697647e+03   1.6952342e+03
   2.2500000e+02   6.4509166e+03   1.8697648e+03   1.6955924e+03
   2.2600000e+02   6.4393721e+03   1.8697647e+03   1.6959467e+03
   2.2700000e+02   6.4277609e+03   1.8697647e+03   1.6962974e+03
   2.2800000e+02   6.4160826e+03   1.8697648e+03   1.6966441e+03
   2.2900000e+02   6.4043373e+03   1.8697648e+03   1.6969874e+03
   2.3000000e+02   6.3925248e+03   1.8697648e+03   1.6973270e+03
   2.3100000e+02   6.3806451e+03   1.8697648e+03   1.6976625e+03
   2.3200000e+02   6.3686981e+03   1.8697648e+03   1.6979947e+03
   2.3300000e+02   6.3566836e+03   1.8697648e+03   1.6983233e+03
   2.3400000e+02   6.3446017e+03   1.8697648e+03   1.6986479e+03
   2.3500000e+02   6.3324523e+03   1.8697648e+03   1.6989688e+03
   2.3600000e+02   6.3202352e+03   1.8697648e+03   1.6992865e+03
   2.3700000e+02   6.3079505e+03   1.8697648e+03   1.6996002e+03
   2.3800000e+02   6.2955981e+03   1.8697647e+03   1.6999106e+03
   2.3900000e+02   6.2831779e+03   1.8697648e+03   1.7002174e+03
   2.4000000e+02   6.2706899e+03   1.8697648e+03   1.7005205e+03
   2.4100000e+02   6.2581340e+03   1.8697645e+03   1.7008202e+03
   2.4200000e+02   6.2455102e+03   1.8697639e+03   1.7011163e+03
   2.4300000e+02   6.2328185e+03   1.8697646e+03   1.7014089e+03
   2.4400000e+02   6.2200588e+03   1.8697639e+03   1.7016982e+03
   2.4500000e+02   6.2072312e+03   1.8697652e+03   1.7019837e+03
   2.4600000e+02   6.1943355e+03   1.8697634e+03   1.7022659e+03
   2.4700000e+02   6.1813718e+03   1.8697647e+03   1.7025443e+03
   2.4800000e+02   6.1683401e+03   1.8697647e+03   1.7028198e+03
   2.4900000e+02   6.1552403e+03   1.8697646e+03   1.7030917e+03
   2.5000000e+02   6.1420725e+03   1.8697647e+03   1.7033601e+03
   2.5100000e+02   6.1288367e+03   1.8697648e+03   1.7036252e+03
   2.5200000e+02   6.1155328e+03   1.8697643e+03   1.7038869e+03
   2.5300000e+02   6.1021609e+03   1.8697647e+03   1.7041452e+03
   2.5400000e+02   6.0887211e+03   1.8697660e+03   1.7044002e+03
   2.5500000e+02   6.0752133e+03   1.8697639e+03   1.7046521e+03
   2.5600000e+02   6.0616376e+03   1.8697641e+03   1.7049003e+03
   2.5700000e+02   6.0479940e+03   1.8697644e+03   1.7051453e+03
   2.5800000e+02   6.0342826e+03   1.8697643e+03   1.7053873e+03
   2.5900000e+02   6.0205034e+03   1.8697648e+03   1.7056256e+03
   2.6000000e+02   6.0066565e+03   1.8697650e+03   1.7058608e+03
   2.6100000e+02   5.9927420e+03   1.8697640e+03   1.7060928e+03
   2.6200000e+02   5.9787599e+03   1.8697647e+03   1.7063217e+03
   2.6300000e+02   5.9647103e+03   1.8697648e+03   1.7065470e+03
   2.6400000e+02   5.9505932e+03   1.8697649e+03   1.7067696e+03
   2.6500000e+02   5.9364089e+03   1.8697648e+03   1.7069889e+03
   2.6600000e+02   5.9221574e+03   1.8697648e+03   1.7072048e+03
   2.6700000e+02   5.9078388e+03   1.8697648e+03   1.7074178e+03
   2.6800000e+02   5.8934532e+03   1.8697646e+03   1.7076273e+03
   2.6900000e+02   5.8790006e+03   1.8697647e+03   1.7078340e+03
   2.7000000e+02   5.8644814e+03   1.8697669e+03   1.7080375e+03
   2.7100000e+02   5.8498956e+03   1.8697646e+03   1.7082380e+03
   2.7200000e+02   5.8352434e+03   1.8697647e+03   1.7084353e+03
   2.7300000e+02   5.8205248e+03   1.8697648e+03   1.7086298e+03
   2.7400000e+02   5.8057402e+03   1.8697657e+03   1.7088207e+03
   2.7500000e+02   5.7908895e+03   1.8697647e+03   1.7090089e+03
   2.7600000e+02   5.7759731e+03   1.8697648e+03   1.7091939e+03
   2.7700000e+02   5.7609911e+03   1.8697646e+03   1.7093763e+03
   2.7800000e+02   5.7459437e+03   1.8697648e+03   1.7095553e+03
   2.7900000e+02   5.7308312e+03   1.8697648e+03   1.7097313e+03
   2.8000000e+02   5.7156536e+03   1.8697648e+03   1.7099046e+03
   2.8100000e+02   5.7004113e+03   1.8697648e+03   1.7100751e+03
   2.8200000e+02   5.6851045e+03   1.8697644e+03   1.7102424e+03
   2.8300000e+02   5.6697334e+03   1.8697650e+03   1.7104067e+03
   2.8400000e+02   5.6542983e+03   1.8697648e+03   1.7105682e+03
   2.8500000e+02   5.6387994e+03   1.8697648e+03   1.7107267e+03
   2.8600000e+02   5.6232370e+03   1.8697684e+03   1.7108824e+03
   2.8700000e+02   5.6076114e+03   1.8697648e+03   1.7110352e+03
   2.8800000e+02   5.5919229e+03   1.8697648e+03   1.7111851e+03
   2.8900000e+02   5.5761717e+03   1.8697643e+03   1.7113321e+03
   2.9000000e+02   5.5603582e+03   1.8697639e+03   1.7114767e+03
   2.9100000e+02   5.5444828e+03   1.8697646e+03   1.7116180e+03
   2.9200000e+02   5.5285456e+03   1.8697649e+03   1.7117566e+03
   2.9300000e+02   5.5125471e+03   1.8697648e+03   1.7118925e+03
   2.9400000e+02   5.4964877e+03   1.8697648e+03   1.7120257e+03
   2.9500000e+02   5.4803676e+03   1.8697648e+03   1.7121562e+03
   2.9600000e+02   5.4641873e+03   1.8697655e+03   1.7122836e+03
   2.9700000e+02   5.4479470e+03   1.8697647e+03   1.7124085e+03
   2.9800000e+02   5.4316474e+03   1.8697647e+03   1.7125306e+03
   2.9900000e+02   5.4152887e+03   1.8697648e+03   1.7126503e+03
   3.0000000e+02   5.3988713e+03   1.8697648e+03   1.7127670e+03
   3.0100000e+02   5.3823956e+03   1.8697648e+03   1.7128808e+03
   3.0200000e+02   5.3658622e+03   1.8697648e+03   1.7129923e+03
   3.0300000e+02   5.3492715e+03   1.8697648e+03   1.7131011e+03
   3.0400000e+02   5.3326238e+03   1.8697648e+03   1.7132072e+03
   3.0500000e+02   5.3159198e+03   1.8697648e+03   1.7133106e+03
   3.0600000e+02   5.2991597e+03   1.8697648e+03   1.7134114e+03
   3.0700000e+02   5.2823443e+03   1.8697648e+03   1.7135099e+03
   3.0800000e+02   5.2654739e+03   1.8697648e+03   1.7136053e+03
   3.0900000e+02   5.2485492e+03   1.8697648e+03   1.7136986e+03
   3.1000000e+02   5.2315705e+03   1.8697648e+03   1.7137890e+03
   3.1100000e+02   5.2145386e+03   1.8697648e+03   1.7138770e+03
   3.1200000e+02   5.1974538e+03   1.8697648e+03   1.7139623e+03
   3.1300000e+02   5.1803168e+03   1.8697648e+03   1.7140454e+03
   3.1400000e+02   5.1631282e+03   1.8697648e+03   1.7141258e+03
   3.1500000e+02   5.1458885e+03   1.8697648e+03   1.7142035e+03
   3.1600000e+02   5.1285984e+03   1.8697648e+03   1.7142790e+03
   3.1700000e+02   5.1112584e+03   1.8697648e+03   1.7143519e+03
   3.1800000e+02   5.0938692e+03   1.8697648e+03   1.7144222e+03
   3.1900000e+02   5.0764314e+03   1.8697648e+03   1.7144903e+03
   3.2000000e+02   5.0589458e+03   1.8697647e+03   1.7145556e+03
   3.2100000e+02   5.0414128e+03   1.8697648e+03   1.7146190e+03
   3.2200000e+02   5.0238332e+03   1.8697648e+03   1.7146796e+03
   3.2300000e+02   5.0062078e+03   1.8697648e+03   1.7147377e+03
   3.2400000e+02   4.9885372e+03   1.8697648e+03   1.7147936e+03
   3.2500000e+02   4.9708220e+03   1.8697648e+03   1.7148474e+03
   3.2600000e+02   4.9530632e+03   1.8697648e+03   1.7148985e+03
   3.2700000e+02   4.9352613e+03   1.8697648e+03   1.7149474e+03
   3.2800000e+02   4.9174171e+03   1.8697648e+03   1.7149940e+03
   3.2900000e+02   4.8995314e+03   1.8697648e+03   1.7150382e+03
   3.3000000e+02   4.8816049e+03   1.8697648e+03   1.7150797e+03
   3.3100000e+02   4.8636385e+03   1.8697648e+03   1.7151193e+03
   3.3200000e+02   4.8456329e+03   1.8697648e+03   1.7151564e+03
   3.3300000e+02   4.8275888e+03   1.8697648e+03   1.7151914e+03
   3.3400000e+02   4.8095073e+03   1.8697648e+03   1.7152239e+03
   3.3500000e+02   4.7913890e+03   1.8697648e+03   1.7152544e+03
   3.3600000e+02   4.7732349e+03   1.8697648e+03   1.7152823e+03
   3.3700000e+02   4.7550456e+03   1.8697648e+03   1.7153083e+03
   3.3800000e+02   4.7368224e+03   1.8697648e+03   1.7153322e+03
   3.3900000e+02   4.7185657e+03   1.8697648e+03   1.7153535e+03
   3.4000000e+02   4.7002767e+03   1.8697648e+03   1.7153726e+03
   3.4100000e+02   4.6819562e+03   1.8697648e+03   1.7153898e+03
   3.4200000e+02   4.6636050e+03   1.8697648e+03   1.7154046e+03
   3.4300000e+02   4.6452241e+03   1.8697648e+03   1.7154172e+03
   3.4400000e+02   4.6268144e+03   1.8697648e+03   1.7154277e+03
   3.4500000e+02   4.6083770e+03   1.8697648e+03   1.7154360e+03
   3.4600000e+02   4.5899127e+03   1.8697648e+03   1.7154423e+03
   3.4700000e+02   4.5714225e+03   1.8697648e+03   1.7154463e+03
   3.4800000e+02   4.5529073e+03   1.8697648e+03   1.7154483e+03
   3.4900000e+02   4.5343680e+03   1.8697647e+03   1.7154484e+03
   3.5000000e+02   4.5158058e+03   1.8697648e+03   1.7154459e+03
   3.5100000e+02   4.4972215e+03   1.8697648e+03   1.7154415e+03
   3.5200000e+02   4.4786162e+03   1.8697648e+03   1.7154353e+03
   3.5300000e+02   4.4599909e+03   1.8697647e+03   1.7154267e+03
   3.5400000e+02   4.4413465e+03   1.8697648e+03   1.7154160e+03
   3.5500000e+02   4.4226843e+03   1.8697648e+03   1.7154039e+03
   3.5600000e+02   4.4040049e+03   1.8697648e+03   1.7153892e+03
   3.5700000e+02   4.3853097e+03   1.8697648e+03   1.7153725e+03
   3.5800000e+02   4.3665996e+03   1.8697648e+03   1.7153539e+03
   3.5900000e+02   4.3478756e+03   1.8697648e+03   1.7153331e+03
   3.6000000e+02   4.3291387e+03   1.8697648e+03   1.7153105e+03
   3.6100000e+02   4.3103901e+03   1.8697648e+03   1.7152858e+03
   3.6200000e+02   4.2916308e+03   1.8697647e+03   1.7152591e+03
   3.6300000e+02   4.2728617e+03   1.8697647e+03   1.7152305e+03
   3.6400000e+02   4.2540841e+03   1.8697648e+03   1.7152002e+03
   3.6500000e+02   4.2352990e+03   1.8697648e+03   1.7151677e+03
   3.6600000e+02   4.2165073e+03   1.8697648e+03   1.7151332e+03
   3.6700000e+02   4.1977103e+03   1.8697648e+03   1.7150968e+03
   3.6800000e+02   4.1789088e+03   1.8697648e+03   1.7150585e+03
   3.6900000e+02   4.1601040e+03   1.8697648e+03   1.7150183e+03
   3.7000000e+02   4.1412971e+03   1.8697648e+03   1.7149763e+03
   3.7100000e+02   4.1224889e+03   1.8697648e+03   1.7149325e+03
   3.7200000e+02   4.1036806e+03   1.8697648e+03   1.7148865e+03
   3.7300000e+02   4.0848732e+03   1.8697648e+03   1.7148388e+03
   3.7400000e+02   4.0660678e+03   1.8697648e+03   1.7147891e+03
   3.7500000e+02   4.0472653e+03   1.8697648e+03   1.7147378e+03
   3.7600000e+02   4.0284670e+03   1.8697648e+03   1.7146847e+03
   3.7700000e+02   4.0096737e+03   1.8697648e+03   1.7146294e+03
   3.7800000e+02   3.9908865e+03   1.8697648e+03   1.7145727e+03
   3.7900000e+02   3.9721063e+03   1.8697648e+03   1.7145138e+03
   3.8000000e+02   3.9533343e+03   1.8697648e+03   1.7144532e+03
   3.8100000e+02   3.9345713e+03   1.8697648e+03   1.7143910e+03
   3.8200000e+02   3.9158185e+03   1.8697648e+03   1.7143270e+03
   3.8300000e+02   3.8970767e+03   1.8697648e+03   1.7142609e+03
   3.8400000e+02   3.8783468e+03   1.8697648e+03   1.7141932e+03
   3.8500000e+02   3.8596298e+03   1.8697648e+03   1.7141236e+03
   3.8600000e+02   3.8409268e+03   1.8697648e+03   1.7140525e+03
   3.8700000e+02   3.8222384e+03   1.8697648e+03   1.7139799e+03
   3.8800000e+02   3.8035656e+03   1.8697648e+03   1.7139049e+03
   3.8900000e+02   3.7849094e+03   1.8697648e+03   1.7138286e+03
   3.9000000e+02   3.7662705e+03   1.8697648e+03   1.7137506e+03
   3.9100000e+02   3.7476497e+03   1.8697648e+03   1.7136708e+03
   3.9200000e+02   3.7290479e+03   1.8697648e+03   1.7135892e+03
   3.9300000e+02   3.7104657e+03   1.8697648e+03   1.7135061e+03
   3.9400000e+02   3.6919040e+03   1.8697648e+03   1.7134210e+03
   3.9500000e+02   3.6733634e+03   1.8697648e+03   1.7133346e+03
   3.9600000e+02   3.6548445e+03   1.8697648e+03   1.7132461e+03
   3.9700000e+02   3.6363483e+03   1.8697648e+03   1.7131562e+03
   3.9800000e+02   3.6178751e+03   1.8697648e+03   1.7130649e+03
   3.9900000e+02   3.5994255e+03   1.8697648e+03   1.7129715e+03
   4.0000000e+02   3.5810001e+03   1.8697648e+03   1.7128766e+03
   4.0100000e+02   3.5625995e+03   1.8697648e+03   1.7127802e+03
   4.0200000e+02   3.5442239e+03   1.8697648e+03   1.7126819e+03
   4.0300000e+02   3.5258739e+03   1.8697648e+03   1.7125823e+03
   4.0400000e+02   3.5075498e+03   1.8697648e+03   1.7124810e+03
   4.0500000e+02   3.4892520e+03   1.8697648e+03   1.7123779e+03
   4.0600000e+02   3.4709806e+03   1.8697647e+03   1.7122735e+03
   4.0700000e+02   3.4527361e+03   1.8697648e+03   1.7121675e+03
   4.0800000e+02   3.4345183e+03   1.8697648e+03   1.7120597e+03
   4.0900000e+02   3.4163276e+03   1.8697647e+03   1.7119503e+03
   4.1000000e+02   3.3981638e+03   1.8697648e+03   1.7118398e+03
   4.1100000e+02   3.3800271e+03   1.8697647e+03   1.7117272e+03
   4.1200000e+02   3.3619173e+03   1.8697648e+03   1.7116132e+03
   4.1300000e+02   3.3438344e+03   1.8697648e+03   1.7114977e+03
   4.1400000e+02   3.3257779e+03   1.8697648e+03   1.7113810e+03
   4.1500000e+02   3.3077477e+03   1.8697647e+03   1.7112622e+03
   4.1600000e+02   3.2897434e+03   1.8697647e+03   1.7111425e+03
   4.1700000e+02   3.2717646e+03   1.8697647e+03   1.7110208e+03
   4.1800000e+02   3.2538107e+03   1.8697647e+03   1.7108978e+03
   4.1900000e+02   3.2358811e+03   1.8697648e+03   1.7107733e+03
   4.2000000e+02   3.2179751e+03   1.8697648e+03   1.7106471e+03
   4.2100000e+02   3.2000919e+03   1.8697648e+03   1.7105198e+03
   4.2200000e+02   3.1822307e+03   1.8697648e+03   1.7103906e+03
   4.2300000e+02   3.1643904e+03   1.8697648e+03   1.7102604e+03
   4.2400000e+02   3.1465701e+03   1.8697648e+03   1.7101285e+03
   4.2500000e+02   3.1287683e+03   1.8697648e+03   1.7099950e+03
   4.2600000e+02   3.1109841e+03   1.8697648e+03   1.7098602e+03
   4.2700000e+02   3.0932159e+03   1.8697648e+03   1.7097241e+03
   4.2800000e+02   3.0754620e+03   1.8697647e+03   1.7095862e+03
   4.2900000e+02   3.0577212e+03   1.8697648e+03   1.7094472e+03
   4.3000000e+02   3.0399914e+03   1.8697647e+03   1.7093064e+03
   4.3100000e+02   3.0222710e+03   1.8697648e+03   1.7091646e+03
   4.3200000e+02   3.0045577e+03   1.8697648e+03   1.7090212e+03
   4.3300000e+02   2.9868497e+03   1.8697647e+03   1.7088762e+03
   4.3400000e+02   2.9691446e+03   1.8697648e+03   1.7087305e+03
   4.3500000e+02   2.9514400e+03   1.8697648e+03   1.7085827e+03
   4.3600000e+02   2.9337334e+03   1.8697649e+03   1.7084337e+03
   4.3700000e+02   2.9160222e+03   1.8697648e+03   1.7082836e+03
   4.3800000e+02   2.8983036e+03   1.8697648e+03   1.7081318e+03
   4.3900000e+02   2.8805747e+03   1.8697647e+03   1.7079788e+03
   4.4000000e+02   2.8628323e+03   1.8697647e+03   1.7078243e+03
   4.4100000e+02   2.8450735e+03   1.8697648e+03   1.7076686e+03
   4.4200000e+02   2.8272947e+03   1.8697645e+03   1.7075115e+03
   4.4300000e+02   2.8094924e+03   1.8697646e+03   1.7073527e+03
   4.4400000e+02   2.7916633e+03   1.8697647e+03   1.7071934e+03
   4.4500000e+02   2.7738036e+03   1.8697645e+03   1.7070318e+03
   4.4600000e+02   2.7559092e+03   1.8697653e+03   1.7068695e+03
   4.4700000e+02   2.7379765e+03   1.8697659e+03   1.7067058e+03
   4.4800000e+02   2.7200013e+03   1.8697641e+03   1.7065408e+03
   4.4900000e+02   2.7019795e+03   1.8697648e+03   1.7063745e+03
   4.5000000e+02   2.6839069e+03   1.8697648e+03   1.7062065e+03
   4.5100000e+02   2.6657792e+03   1.8697647e+03   1.7060379e+03
   4.5200000e+02   2.6475922e+03   1.8697648e+03   1.7058675e+03
   4.5300000e+02   2.6293416e+03   1.8697648e+03   1.7056959e+03
   4.5400000e+02   2.6110232e+03   1.8697648e+03   1.7055228e+03
   4.5500000e+02   2.5926325e+03   1.8697652e+03   1.7053489e+03
   4.5600000e+02   2.5741657e+03   1.8697645e+03   1.7051735e+03
   4.5700000e+02   2.5556187e+03   1.8697647e+03   1.7049969e+03
   4.5800000e+02   2.5369878e+03   1.8697647e+03   1.7048192e+03
   4.5900000e+02   2.5182695e+03   1.8697647e+03   1.7046400e+03
   4.6000000e+02   2.4994607e+03   1.8697646e+03   1.7044596e+03
   4.6100000e+02   2.4805586e+03   1.8697646e+03   1.7042780e+03
   4.6200000e+02   2.4615610e+03   1.8697647e+03   1.7040951e+03
   4.6300000e+02   2.4424664e+03   1.8697648e+03   1.7039109e+03
   4.6400000e+02   2.4232741e+03   1.8697648e+03   1.7037259e+03
   4.6500000e+02   2.4039841e+03   1.8697647e+03   1.7035391e+03
   4.6600000e+02   2.3845976e+03   1.8697647e+03   1.7033513e+03
   4.6700000e+02   2.3651173e+03   1.8697647e+03   1.7031625e+03
   4.6800000e+02   2.3455470e+03   1.8697647e+03   1.7029724e+03
   4.6900000e+02   2.3258928e+03   1.8697652e+03   1.7027812e+03
   4.7000000e+02   2.3061623e+03   1.8697653e+03   1.7025885e+03
   4.7100000e+02   2.2863658e+03   1.8697644e+03   1.7023946e+03
   4.7200000e+02   2.2665164e+03   1.8697646e+03   1.7021998e+03
   4.7300000e+02   2.2466304e+03   1.8697643e+03   1.7020039e+03
   4.7400000e+02   2.2267280e+03   1.8697650e+03   1.7018064e+03
   4.7500000e+02   2.2068334e+03   1.8697644e+03   1.7016080e+03
   4.7600000e+02   2.1869764e+03   1.8697649e+03   1.7014085e+03
   4.7700000e+02   2.1671922e+03   1.8697646e+03   1.7012079e+03
   4.7800000e+02   2.1475232e+03   1.8697645e+03   1.7010059e+03
   4.7900000e+02   2.1280198e+03   1.8697646e+03   1.7008028e+03
   4.8000000e+02   2.1087415e+03   1.8697645e+03   1.7005985e+03
   4.8100000e+02   2.0897596e+03   1.8697653e+03   1.7003932e+03
   4.8200000e+02   2.0711579e+03   1.8697652e+03   1.7001867e+03
   4.8300000e+02   2.0530363e+03   1.8697644e+03   1.6999792e+03
   4.8400000e+02   2.0355141e+03   1.8697650e+03   1.6997704e+03
   4.8500000e+02   2.0187331e+03   1.8697648e+03   1.6995605e+03
   4.8600000e+02   2.0028646e+03   1.8697645e+03   1.6993500e+03
   4.8700000e+02   1.9881157e+03   1.8697647e+03   1.6991375e+03
   4.8800000e+02   1.9747394e+03   1.8697647e+03   1.6989242e+03
   4.8900000e+02   1.9630486e+03   1.8697650e+03   1.6987100e+03
   4.9000000e+02   1.9534353e+03   1.8697645e+03   1.6984947e+03
   4.9100000e+02   1.9463996e+03   1.8697654e+03   1.6982781e+03
   4.9200000e+02   1.9425902e+03   1.8697647e+03   1.6980604e+03
   4.9300000e+02   1.9428713e+03   1.8697646e+03   1.6978418e+03
   4.9400000e+02   1.9484246e+03   1.8697647e+03   1.6976220e+03
   4.9500000e+02   1.9609201e+03   1.8697648e+03   1.6974011e+03
   4.9600000e+02   1.9828132e+03   1.8697647e+03   1.6971795e+03
   4.9700000e+02   2.0178903e+03   1.8697650e+03   1.6969563e+03
   4.9800000e+02   2.0723496e+03   1.8697647e+03   1.6967322e+03
   4.9900000e+02   2.1571427e+03   1.8697648e+03   1.6965071e+03
