   1.0000000e+00   7.6279289e+03   1.8697648e+03   1.5619494e+02
   2.0000000e+00   7.6279082e+03   1.8697648e+03   2.2016173e+02
   3.0000000e+00   7.6278738e+03   1.8697648e+03   2.6875139e+02
   4.0000000e+00   7.6278256e+03   1.8697648e+03   3.0930488e+02
   5.0000000e+00   7.6277635e+03   1.8697648e+03   3.4467671e+02
   6.0000000e+00   7.6276877e+03   1.8697648e+03   3.7633639e+02
   7.0000000e+00   7.6275981e+03   1.8697648e+03   4.0516024e+02
   8.0000000e+00   7.6274948e+03   1.8697648e+03   4.3172140e+02
   9.0000000e+00   7.6273776e+03   1.8697648e+03   4.5641956e+02
   1.0000000e+01   7.6272466e+03   1.8697648e+03   4.7954686e+02
   1.1000000e+01   7.6271019e+03   1.8697648e+03   5.0132476e+02
   1.2000000e+01   7.6269433e+03   1.8697648e+03   5.2192600e+02
   1.3000000e+01   7.6267709e+03   1.8697648e+03   5.4148851e+02
   1.4000000e+01   7.6265848e+03   1.8697648e+03   5.6012461e+02
   1.5000000e+01   7.6263848e+03   1.8697648e+03   5.7792725e+02
   1.6000000e+01   7.6261709e+03   1.8697648e+03   5.9497446e+02
   1.7000000e+01   7.6259433e+03   1.8697648e+03   6.1133250e+02
   1.8000000e+01   7.6257018e+03   1.8697648e+03   6.2705829e+02
   1.9000000e+01   7.6254465e+03   1.8697648e+03   6.4220114e+02
   2.0000000e+01   7.6251773e+03   1.8697648e+03   6.5680415e+02
   2.1000000e+01   7.6248943e+03   1.8697648e+03   6.7090526e+02
   2.2000000e+01   7.6245974e+03   1.8697648e+03   6.8453810e+02
   2.3000000e+01   7.6242866e+03   1.8697648e+03   6.9773263e+02
   2.4000000e+01   7.6239619e+03   1.8697648e+03   7.1051574e+02
   2.5000000e+01   7.6236234e+03   1.8697648e+03   7.2291163e+02
   2.6000000e+01   7.6232710e+03   1.8697648e+03   7.3494221e+02
   2.7000000e+01   7.6229046e+03   1.8697648e+03   7.4662741e+02
   2.8000000e+01   7.6225244e+03   1.8697648e+03   7.5798540e+02
   2.9000000e+01   7.6221302e+03   1.8697648e+03   7.6903280e+02
   3.0000000e+01   7.6217221e+03   1.8697648e+03   7.7978491e+02
   3.1000000e+01   7.6213000e+03   1.8697648e+03   7.9025582e+02
   3.2000000e+01   7.6208640e+03   1.8697648e+03   8.0045854e+02
   3.3000000e+01   7.6204140e+03   1.8697648e+03   8.1040515e+02
   3.4000000e+01   7.6199500e+03   1.8697648e+03   8.2010684e+02
   3.5000000e+01   7.6194720e+03   1.8697648e+03   8.2957405e+02
   3.6000000e+01   7.6189800e+03   1.8697648e+03   8.3881653e+02
   3.7000000e+01   7.6184739e+03   1.8697648e+03   8.4784338e+02
   3.8000000e+01   7.6179538e+03   1.8697648e+03   8.5666314e+02
   3.9000000e+01   7.6174197e+03   1.8697648e+03   8.6528382e+02
   4.0000000e+01   7.6168715e+03   1.8697648e+03   8.7371296e+02
   4.1000000e+01   7.6163093e+03   1.8697648e+03   8.8195766e+02
   4.2000000e+01   7.6157329e+03   1.8697648e+03   8.9002461e+02
   4.3000000e+01   7.6151424e+03   1.8697648e+03   8.9792013e+02
   4.4000000e+01   7.6145378e+03   1.8697648e+03   9.0565022e+02
   4.5000000e+01   7.6139190e+03   1.8697648e+03   9.1322055e+02
   4.6000000e+01   7.6132861e+03   1.8697648e+03   9.2063649e+02
   4.7000000e+01   7.6126389e+03   1.8697648e+03   9.2790315e+02
   4.8000000e+01   7.6119776e+03   1.8697648e+03   9.3502539e+02
   4.9000000e+01   7.6113021e+03   1.8697648e+03   9.4200784e+02
   5.0000000e+01   7.6106123e+03   1.8697648e+03   9.4885490e+02
   5.1000000e+01   7.6099083e+03   1.8697648e+03   9.5557077e+02
   5.2000000e+01   7.6091900e+03   1.8697648e+03   9.6215947e+02
   5.3000000e+01   7.6084574e+03   1.8697648e+03   9.6862483e+02
   5.4000000e+01   7.6077105e+03   1.8697648e+03   9.7497050e+02
   5.5000000e+01   7.6069492e+03   1.8697648e+03   9.8120001e+02
   5.6000000e+01   7.6061736e+03   1.8697648e+03   9.8731672e+02
   5.7000000e+01   7.6053836e+03   1.8697648e+03   9.9332384e+02
   5.8000000e+01   7.6045793e+03   1.8697648e+03   9.9922447e+02
   5.9000000e+01   7.6037604e+03   1.8697648e+03   1.0050216e+03
   6.0000000e+01   7.6029272e+03   1.8697648e+03   1.0107180e+03
   6.1000000e+01   7.6020795e+03   1.8697648e+03   1.0163165e+03
   6.2000000e+01   7.6012173e+03   1.8697648e+03   1.0218197e+03
   6.3000000e+01   7.6003405e+03   1.8697648e+03   1.0272301e+03
   6.4000000e+01   7.5994493e+03   1.8697648e+03   1.0325503e+03
   6.5000000e+01   7.5985434e+03   1.8697648e+03   1.0377824e+03
   6.6000000e+01   7.5976230e+03   1.8697648e+03   1.0429289e+03
   6.7000000e+01   7.5966880e+03   1.8697648e+03   1.0479918e+03
   6.8000000e+01   7.5957383e+03   1.8697648e+03   1.0529734e+03
   6.9000000e+01   7.5947739e+03   1.8697648e+03   1.0578756e+03
   7.0000000e+01   7.5937949e+03   1.8697648e+03   1.0627004e+03
   7.1000000e+01   7.5928011e+03   1.8697648e+03   1.0674497e+03
   7.2000000e+01   7.5917926e+03   1.8697648e+03   1.0721253e+03
   7.3000000e+01   7.5907693e+03   1.8697648e+03   1.0767291e+03
   7.4000000e+01   7.5897312e+03   1.8697648e+03   1.0812627e+03
   7.5000000e+01   7.5886782e+03   1.8697648e+03   1.0857278e+03
   7.6000000e+01   7.5876104e+03   1.8697648e+03   1.0901261e+03
   7.7000000e+01   7.5865277e+03   1.8697648e+03   1.0944590e+03
   7.8000000e+01   7.5854301e+03   1.8697648e+03   1.0987282e+03
   7.9000000e+01   7.5843175e+03   1.8697648e+03   1.1029349e+03
   8.0000000e+01   7.5831899e+03   1.8697648e+03   1.1070808e+03
   8.1000000e+01   7.5820474e+03   1.8697648e+03   1.1111671e+03
   8.2000000e+01   7.5808897e+03   1.8697648e+03   1.1151952e+03
   8.3000000e+01   7.5797170e+03   1.8697648e+03   1.1191663e+03
   8.4000000e+01   7.5785292e+03   1.8697648e+03   1.1230818e+03
   8.5000000e+01   7.5773262e+03   1.8697648e+03   1.1269429e+03
   8.6000000e+01   7.5761080e+03   1.8697648e+03   1.1307507e+03
   8.7000000e+01   7.5748746e+03   1.8697648e+03   1.1345064e+03
   8.8000000e+01   7.5736260e+03   1.8697648e+03   1.1382111e+03
   8.9000000e+01   7.5723620e+03   1.8697648e+03   1.1418659e+03
   9.0000000e+01   7.5710828e+03   1.8697648e+03   1.1454719e+03
   9.1000000e+01   7.5697882e+03   1.8697648e+03   1.1490300e+03
   9.2000000e+01   7.5684782e+03   1.8697648e+03   1.1525413e+03
   9.3000000e+01   7.5671527e+03   1.8697648e+03   1.1560067e+03
   9.4000000e+01   7.5658118e+03   1.8697648e+03   1.1594273e+03
   9.5000000e+01   7.5644554e+03   1.8697648e+03   1.1628038e+03
   9.6000000e+01   7.5630834e+03   1.8697648e+03   1.1661373e+03
   9.7000000e+01   7.5616959e+03   1.8697648e+03   1.1694285e+03
   9.8000000e+01   7.5602927e+03   1.8697648e+03   1.1726783e+03
   9.9000000e+01   7.5588738e+03   1.8697648e+03   1.1758876e+03
   1.0000000e+02   7.5574393e+03   1.8697648e+03   1.1790571e+03
   1.0100000e+02   7.5559890e+03   1.8697648e+03   1.1821876e+03
   1.0200000e+02   7.5545229e+03   1.8697648e+03   1.1852799e+03
   1.0300000e+02   7.5530410e+03   1.8697648e+03   1.1883348e+03
   1.0400000e+02   7.5515432e+03   1.8697648e+03   1.1913529e+03
   1.0500000e+02   7.5500295e+03   1.8697648e+03   1.1943349e+03
   1.0600000e+02   7.5484999e+03   1.8697648e+03   1.1972816e+03
   1.0700000e+02   7.5469542e+03   1.8697648e+03   1.2001936e+03
   1.0800000e+02   7.5453925e+03   1.8697648e+03   1.2030716e+03
   1.0900000e+02   7.5438148e+03   1.8697648e+03   1.2059162e+03
   1.1000000e+02   7.5422208e+03   1.8697648e+03   1.2087280e+03
   1.1100000e+02   7.5406108e+03   1.8697648e+03   1.2115076e+03
   1.1200000e+02   7.5389844e+03   1.8697648e+03   1.2142556e+03
   1.1300000e+02   7.5373418e+03   1.8697648e+03   1.2169727e+03
   1.1400000e+02   7.5356829e+03   1.8697648e+03   1.2196593e+03
   1.1500000e+02   7.5340076e+03   1.8697648e+03   1.2223160e+03
   1.1600000e+02   7.5323160e+03   1.8697648e+03   1.2249433e+03
   1.1700000e+02   7.5306078e+03   1.8697648e+03   1.2275418e+03
   1.1800000e+02   7.5288831e+03   1.8697648e+03   1.2301120e+03
   1.1900000e+02   7.5271419e+03   1.8697648e+03   1.2326544e+03
   1.2000000e+02   7.5253840e+03   1.8697648e+03   1.2351694e+03
   1.2100000e+02   7.5236095e+03   1.8697648e+03   1.2376575e+03
   1.2200000e+02   7.5218183e+03   1.8697648e+03   1.2401193e+03
   1.2300000e+02   7.5200103e+03   1.8697648e+03   1.2425551e+03
   1.2400000e+02   7.5181855e+03   1.8697648e+03   1.2449654e+03
   1.2500000e+02   7.5163438e+03   1.8697648e+03   1.2473507e+03
   1.2600000e+02   7.5144852e+03   1.8697648e+03   1.2497113e+03
   1.2700000e+02   7.5126096e+03   1.8697648e+03   1.2520477e+03
   1.2800000e+02   7.5107170e+03   1.8697648e+03   1.2543602e+03
   1.2900000e+02   7.5088073e+03   1.8697648e+03   1.2566493e+03
   1.3000000e+02   7.5068805e+03   1.8697648e+03   1.2589154e+03
   1.3100000e+02   7.5049364e+03   1.8697648e+03   1.2611588e+03
   1.3200000e+02   7.5029751e+03   1.8697648e+03   1.2633800e+03
   1.3300000e+02   7.5009965e+03   1.8697648e+03   1.2655791e+03
   1.3400000e+02   7.4990005e+03   1.8697648e+03   1.2677567e+03
   1.3500000e+02   7.4969871e+03   1.8697648e+03   1.2699131e+03
   1.3600000e+02   7.4949562e+03   1.8697648e+03   1.2720486e+03
   1.3700000e+02   7.4929078e+03   1.8697648e+03   1.2741635e+03
   1.3800000e+02   7.4908418e+03   1.8697648e+03   1.2762582e+03
   1.3900000e+02   7.4887580e+03   1.8697648e+03   1.2783329e+03
   1.4000000e+02   7.4866566e+03   1.8697648e+03   1.2803881e+03
   1.4100000e+02   7.4845374e+03   1.8697648e+03   1.2824239e+03
   1.4200000e+02   7.4824003e+03   1.8697648e+03   1.2844407e+03
   1.4300000e+02   7.4802453e+03   1.8697648e+03   1.2864388e+03
   1.4400000e+02   7.4780723e+03   1.8697648e+03   1.2884185e+03
   1.4500000e+02   7.4758813e+03   1.8697648e+03   1.2903799e+03
   1.4600000e+02   7.4736722e+03   1.8697648e+03   1.2923236e+03
   1.4700000e+02   7.4714449e+03   1.8697648e+03   1.2942495e+03
   1.4800000e+02   7.4691993e+03   1.8697648e+03   1.2961582e+03
   1.4900000e+02   7.4669355e+03   1.8697648e+03   1.2980497e+03
   1.5000000e+02   7.4646533e+03   1.8697648e+03   1.2999244e+03
   1.5100000e+02   7.4623527e+03   1.8697648e+03   1.3017825e+03
   1.5200000e+02   7.4600335e+03   1.8697648e+03   1.3036242e+03
   1.5300000e+02   7.4576958e+03   1.8697648e+03   1.3054498e+03
   1.5400000e+02   7.4553395e+03   1.8697648e+03   1.3072595e+03
   1.5500000e+02   7.4529644e+03   1.8697648e+03   1.3090535e+03
   1.5600000e+02   7.4505706e+03   1.8697648e+03   1.3108321e+03
   1.5700000e+02   7.4481579e+03   1.8697648e+03   1.3125954e+03
   1.5800000e+02   7.4457262e+03   1.8697648e+03   1.3143438e+03
   1.5900000e+02   7.4432756e+03   1.8697648e+03   1.3160773e+03
   1.6000000e+02   7.4408059e+03   1.8697648e+03   1.3177962e+03
   1.6100000e+02   7.4383171e+03   1.8697648e+03   1.3195008e+03
   1.6200000e+02   7.4358090e+03   1.8697648e+03   1.3211911e+03
   1.6300000e+02   7.4332817e+03   1.8697648e+03   1.3228674e+03
   1.6400000e+02   7.4307350e+03   1.8697648e+03   1.3245299e+03
   1.6500000e+02   7.4281688e+03   1.8697648e+03   1.3261788e+03
   1.6600000e+02   7.4255831e+03   1.8697648e+03   1.3278142e+03
   1.6700000e+02   7.4229779e+03   1.8697648e+03   1.3294364e+03
   1.6800000e+02   7.4203529e+03   1.8697648e+03   1.3310454e+03
   1.6900000e+02   7.4177082e+03   1.8697648e+03   1.3326416e+03
   1.7000000e+02   7.4150437e+03   1.8697648e+03   1.3342250e+03
   1.7100000e+02   7.4123592e+03   1.8697648e+03   1.3357958e+03
   1.7200000e+02   7.4096548e+03   1.8697648e+03   1.3373541e+03
   1.7300000e+02   7.4069302e+03   1.8697648e+03   1.3389002e+03
   1.7400000e+02   7.4041856e+03   1.8697648e+03   1.3404342e+03
   1.7500000e+02   7.4014207e+03   1.8697648e+03   1.3419563e+03
   1.7600000e+02   7.3986354e+03   1.8697648e+03   1.3434665e+03
   1.7700000e+02   7.3958298e+03   1.8697648e+03   1.3449651e+03
   1.7800000e+02   7.3930037e+03   1.8697648e+03   1.3464522e+03
   1.7900000e+02   7.3901569e+03   1.8697648e+03   1.3479279e+03
   1.8000000e+02   7.3872896e+03   1.8697648e+03   1.3493923e+03
   1.8100000e+02   7.3844015e+03   1.8697648e+03   1.3508457e+03
   1.8200000e+02   7.3814925e+03   1.8697648e+03   1.3522882e+03
   1.8300000e+02   7.3785626e+03   1.8697648e+03   1.3537198e+03
   1.8400000e+02   7.3756118e+03   1.8697648e+03   1.3551407e+03
   1.8500000e+02   7.3726398e+03   1.8697648e+03   1.3565511e+03
   1.8600000e+02   7.3696466e+03   1.8697648e+03   1.3579510e+03
   1.8700000e+02   7.3666321e+03   1.8697648e+03   1.3593407e+03
   1.8800000e+02   7.3635963e+03   1.8697648e+03   1.3607201e+03
   1.8900000e+02   7.3605390e+03   1.8697648e+03   1.3620895e+03
   1.9000000e+02   7.3574602e+03   1.8697648e+03   1.3634489e+03
   1.9100000e+02   7.3543597e+03   1.8697648e+03   1.3647985e+03
   1.9200000e+02   7.3512374e+03   1.8697648e+03   1.3661384e+03
   1.9300000e+02   7.3480933e+03   1.8697648e+03   1.3674686e+03
   1.9400000e+02   7.3449273e+03   1.8697648e+03   1.3687894e+03
   1.9500000e+02   7.3417393e+03   1.8697648e+03   1.3701007e+03
   1.9600000e+02   7.3385291e+03   1.8697648e+03   1.3714028e+03
   1.9700000e+02   7.3352967e+03   1.8697648e+03   1.3726957e+03
   1.9800000e+02   7.3320420e+03   1.8697648e+03   1.3739795e+03
   1.9900000e+02   7.3287648e+03   1.8697648e+03   1.3752544e+03
   2.0000000e+02   7.3254651e+03   1.8697648e+03   1.3765203e+03
   2.0100000e+02   7.3221428e+03   1.8697648e+03   1.3777775e+03
   2.0200000e+02   7.3187978e+03   1.8697648e+03   1.3790260e+03
   2.0300000e+02   7.3154300e+03   1.8697648e+03   1.3802659e+03
   2.0400000e+02   7.3120392e+03   1.8697648e+03   1.3814973e+03
   2.0500000e+02   7.3086254e+03   1.8697648e+03   1.3827203e+03
   2.0600000e+02   7.3051885e+03   1.8697648e+03   1.3839349e+03
   2.0700000e+02   7.3017283e+03   1.8697648e+03   1.3851414e+03
   2.0800000e+02   7.2982447e+03   1.8697648e+03   1.3863397e+03
   2.0900000e+02   7.2947377e+03   1.8697648e+03   1.3875300e+03
   2.1000000e+02   7.2912072e+03   1.8697648e+03   1.3887122e+03
   2.1100000e+02   7.2876530e+03   1.8697648e+03   1.3898866e+03
   2.1200000e+02   7.2840750e+03   1.8697648e+03   1.3910532e+03
   2.1300000e+02   7.2804731e+03   1.8697648e+03   1.3922121e+03
   2.1400000e+02   7.2768472e+03   1.8697648e+03   1.3933633e+03
   2.1500000e+02   7.2731973e+03   1.8697648e+03   1.3945069e+03
   2.1600000e+02   7.2695231e+03   1.8697648e+03   1.3956431e+03
   2.1700000e+02   7.2658245e+03   1.8697648e+03   1.3967718e+03
   2.1800000e+02   7.2621015e+03   1.8697648e+03   1.3978932e+03
   2.1900000e+02   7.2583540e+03   1.8697648e+03   1.3990073e+03
   2.2000000e+02   7.2545818e+03   1.8697648e+03   1.4001143e+03
   2.2100000e+02   7.2507848e+03   1.8697648e+03   1.4012141e+03
   2.2200000e+02   7.2469629e+03   1.8697648e+03   1.4023068e+03
   2.2300000e+02   7.2431160e+03   1.8697648e+03   1.4033926e+03
   2.2400000e+02   7.2392440e+03   1.8697648e+03   1.4044714e+03
   2.2500000e+02   7.2353466e+03   1.8697648e+03   1.4055434e+03
   2.2600000e+02   7.2314240e+03   1.8697648e+03   1.4066086e+03
   2.2700000e+02   7.2274758e+03   1.8697648e+03   1.4076671e+03
   2.2800000e+02   7.2235020e+03   1.8697648e+03   1.4087189e+03
   2.2900000e+02   7.2195025e+03   1.8697648e+03   1.4097642e+03
   2.3000000e+02   7.2154771e+03   1.8697648e+03   1.4108029e+03
   2.3100000e+02   7.2114257e+03   1.8697648e+03   1.4118351e+03
   2.3200000e+02   7.2073483e+03   1.8697648e+03   1.4128609e+03
   2.3300000e+02   7.2032446e+03   1.8697648e+03   1.4138804e+03
   2.3400000e+02   7.1991145e+03   1.8697648e+03   1.4148936e+03
   2.3500000e+02   7.1949580e+03   1.8697648e+03   1.4159005e+03
   2.3600000e+02   7.1907749e+03   1.8697648e+03   1.4169013e+03
   2.3700000e+02   7.1865650e+03   1.8697648e+03   1.4178959e+03
   2.3800000e+02   7.1823283e+03   1.8697648e+03   1.4188845e+03
   2.3900000e+02   7.1780646e+03   1.8697648e+03   1.4198671e+03
   2.4000000e+02   7.1737738e+03   1.8697648e+03   1.4208437e+03
   2.4100000e+02   7.1694557e+03   1.8697648e+03   1.4218144e+03
   2.4200000e+02   7.1651103e+03   1.8697648e+03   1.4227793e+03
   2.4300000e+02   7.1607373e+03   1.8697648e+03   1.4237384e+03
   2.4400000e+02   7.1563367e+03   1.8697648e+03   1.4246917e+03
   2.4500000e+02   7.1519084e+03   1.8697648e+03   1.4256393e+03
   2.4600000e+02   7.1474521e+03   1.8697648e+03   1.4265813e+03
   2.4700000e+02   7.1429678e+03   1.8697648e+03   1.4275177e+03
   2.4800000e+02   7.1384553e+03   1.8697648e+03   1.4284485e+03
   2.4900000e+02   7.1339145e+03   1.8697648e+03   1.4293738e+03
   2.5000000e+02   7.1293453e+03   1.8697648e+03   1.4302937e+03
   2.5100000e+02   7.1247474e+03   1.8697648e+03   1.4312082e+03
   2.5200000e+02   7.1201209e+03   1.8697648e+03   1.4321173e+03
   2.5300000e+02   7.1154655e+03   1.8697648e+03   1.4330211e+03
   2.5400000e+02   7.1107811e+03   1.8697648e+03   1.4339196e+03
   2.5500000e+02   7.1060676e+03   1.8697648e+03   1.4348128e+03
   2.5600000e+02   7.1013247e+03   1.8697648e+03   1.4357009e+03
   2.5700000e+02   7.0965525e+03   1.8697648e+03   1.4365839e+03
   2.5800000e+02   7.0917507e+03   1.8697648e+03   1.4374618e+03
   2.5900000e+02   7.0869192e+03   1.8697648e+03   1.4383345e+03
   2.6000000e+02   7.0820579e+03   1.8697648e+03   1.4392023e+03
   2.6100000e+02   7.0771666e+03   1.8697648e+03   1.4400651e+03
   2.6200000e+02   7.0722451e+03   1.8697648e+03   1.4409230e+03
   2.6300000e+02   7.0672934e+03   1.8697648e+03   1.4417760e+03
   2.6400000e+02   7.0623112e+03   1.8697648e+03   1.4426241e+03
   2.6500000e+02   7.0572985e+03   1.8697648e+03   1.4434674e+03
   2.6600000e+02   7.0522551e+03   1.8697648e+03   1.4443059e+03
   2.6700000e+02   7.0471808e+03   1.8697648e+03   1.4451397e+03
   2.6800000e+02   7.0420755e+03   1.8697648e+03   1.4459687e+03
   2.6900000e+02   7.0369391e+03   1.8697648e+03   1.4467931e+03
   2.7000000e+02   7.0317714e+03   1.8697648e+03   1.4476129e+03
   2.7100000e+02   7.0265722e+03   1.8697648e+03   1.4484281e+03
   2.7200000e+02   7.0213414e+03   1.8697648e+03   1.4492387e+03
   2.7300000e+02   7.0160789e+03   1.8697648e+03   1.4500448e+03
   2.7400000e+02   7.0107845e+03   1.8697648e+03   1.4508464e+03
   2.7500000e+02   7.0054580e+03   1.8697648e+03   1.4516436e+03
   2.7600000e+02   7.0000993e+03   1.8697648e+03   1.4524363e+03
   2.7700000e+02   6.9947083e+03   1.8697648e+03   1.4532246e+03
   2.7800000e+02   6.9892848e+03   1.8697648e+03   1.4540086e+03
   2.7900000e+02   6.9838286e+03   1.8697648e+03   1.4547883e+03
   2.8000000e+02   6.9783396e+03   1.8697648e+03   1.4555637e+03
   2.8100000e+02   6.9728177e+03   1.8697648e+03   1.4563348e+03
   2.8200000e+02   6.9672626e+03   1.8697648e+03   1.4571017e+03
   2.8300000e+02   6.9616743e+03   1.8697648e+03   1.4578644e+03
   2.8400000e+02   6.9560526e+03   1.8697648e+03   1.4586229e+03
   2.8500000e+02   6.9503973e+03   1.8697648e+03   1.4593773e+03
   2.8600000e+02   6.9447082e+03   1.8697648e+03   1.4601276e+03
   2.8700000e+02   6.9389853e+03   1.8697648e+03   1.4608739e+03
   2.8800000e+02   6.9332284e+03   1.8697648e+03   1.4616161e+03
   2.8900000e+02   6.9274372e+03   1.8697648e+03   1.4623542e+03
   2.9000000e+02   6.9216118e+03   1.8697648e+03   1.4630884e+03
   2.9100000e+02   6.9157518e+03   1.8697648e+03   1.4638186e+03
   2.9200000e+02   6.9098571e+03   1.8697648e+03   1.4645449e+03
   2.9300000e+02   6.9039277e+03   1.8697648e+03   1.4652673e+03
   2.9400000e+02   6.8979633e+03   1.8697648e+03   1.4659859e+03
   2.9500000e+02   6.8919638e+03   1.8697648e+03   1.4667005e+03
   2.9600000e+02   6.8859289e+03   1.8697648e+03   1.4674114e+03
   2.9700000e+02   6.8798587e+03   1.8697648e+03   1.4681185e+03
   2.9800000e+02   6.8737529e+03   1.8697648e+03   1.4688218e+03
   2.9900000e+02   6.8676113e+03   1.8697648e+03   1.4695214e+03
   3.0000000e+02   6.8614338e+03   1.8697648e+03   1.4702172e+03
   3.0100000e+02   6.8552203e+03   1.8697648e+03   1.4709094e+03
   3.0200000e+02   6.8489706e+03   1.8697648e+03   1.4715979e+03
   3.0300000e+02   6.8426845e+03   1.8697648e+03   1.4722827e+03
   3.0400000e+02   6.8363619e+03   1.8697648e+03   1.4729640e+03
   3.0500000e+02   6.8300026e+03   1.8697648e+03   1.4736416e+03
   3.0600000e+02   6.8236065e+03   1.8697648e+03   1.4743157e+03
   3.0700000e+02   6.8171734e+03   1.8697648e+03   1.4749863e+03
   3.0800000e+02   6.8107032e+03   1.8697648e+03   1.4756533e+03
   3.0900000e+02   6.8041957e+03   1.8697648e+03   1.4763169e+03
   3.1000000e+02   6.7976508e+03   1.8697648e+03   1.4769770e+03
   3.1100000e+02   6.7910683e+03   1.8697648e+03   1.4776336e+03
   3.1200000e+02   6.7844481e+03   1.8697648e+03   1.4782868e+03
   3.1300000e+02   6.7777899e+03   1.8697648e+03   1.4789366e+03
   3.1400000e+02   6.7710937e+03   1.8697648e+03   1.4795830e+03
   3.1500000e+02   6.7643593e+03   1.8697648e+03   1.4802261e+03
   3.1600000e+02   6.7575866e+03   1.8697648e+03   1.4808658e+03
   3.1700000e+02   6.7507754e+03   1.8697648e+03   1.4815023e+03
   3.1800000e+02   6.7439256e+03   1.8697648e+03   1.4821354e+03
   3.1900000e+02   6.7370370e+03   1.8697648e+03   1.4827653e+03
   3.2000000e+02   6.7301094e+03   1.8697648e+03   1.4833919e+03
   3.2100000e+02   6.7231428e+03   1.8697648e+03   1.4840152e+03
   3.2200000e+02   6.7161370e+03   1.8697648e+03   1.4846354e+03
   3.2300000e+02   6.7090918e+03   1.8697648e+03   1.4852524e+03
   3.2400000e+02   6.7020071e+03   1.8697648e+03   1.4858662e+03
   3.2500000e+02   6.6948828e+03   1.8697648e+03   1.4864769e+03
   3.2600000e+02   6.6877186e+03   1.8697648e+03   1.4870844e+03
   3.2700000e+02   6.6805146e+03   1.8697648e+03   1.4876889e+03
   3.2800000e+02   6.6732705e+03   1.8697648e+03   1.4882902e+03
   3.2900000e+02   6.6659862e+03   1.8697648e+03   1.4888885e+03
   3.3000000e+02   6.6586616e+03   1.8697648e+03   1.4894837e+03
   3.3100000e+02   6.6512965e+03   1.8697648e+03   1.4900759e+03
   3.3200000e+02   6.6438908e+03   1.8697648e+03   1.4906651e+03
   3.3300000e+02   6.6364444e+03   1.8697648e+03   1.4912512e+03
   3.3400000e+02   6.6289572e+03   1.8697648e+03   1.4918344e+03
   3.3500000e+02   6.6214289e+03   1.8697648e+03   1.4924147e+03
   3.3600000e+02   6.6138596e+03   1.8697648e+03   1.4929920e+03
   3.3700000e+02   6.6062490e+03   1.8697648e+03   1.4935664e+03
   3.3800000e+02   6.5985971e+03   1.8697648e+03   1.4941379e+03
   3.3900000e+02   6.5909037e+03   1.8697648e+03   1.4947064e+03
   3.4000000e+02   6.5831687e+03   1.8697648e+03   1.4952722e+03
   3.4100000e+02   6.5753920e+03   1.8697648e+03   1.4958350e+03
   3.4200000e+02   6.5675734e+03   1.8697648e+03   1.4963951e+03
   3.4300000e+02   6.5597130e+03   1.8697648e+03   1.4969523e+03
   3.4400000e+02   6.5518105e+03   1.8697648e+03   1.4975067e+03
   3.4500000e+02   6.5438658e+03   1.8697648e+03   1.4980583e+03
   3.4600000e+02   6.5358788e+03   1.8697648e+03   1.4986072e+03
   3.4700000e+02   6.5278495e+03   1.8697648e+03   1.4991533e+03
   3.4800000e+02   6.5197778e+03   1.8697648e+03   1.4996966e+03
   3.4900000e+02   6.5116635e+03   1.8697648e+03   1.5002373e+03
   3.5000000e+02   6.5035065e+03   1.8697648e+03   1.5007752e+03
   3.5100000e+02   6.4953067e+03   1.8697648e+03   1.5013105e+03
   3.5200000e+02   6.4870641e+03   1.8697648e+03   1.5018430e+03
   3.5300000e+02   6.4787786e+03   1.8697648e+03   1.5023730e+03
   3.5400000e+02   6.4704500e+03   1.8697648e+03   1.5029002e+03
   3.5500000e+02   6.4620783e+03   1.8697648e+03   1.5034249e+03
   3.5600000e+02   6.4536635e+03   1.8697648e+03   1.5039469e+03
   3.5700000e+02   6.4452054e+03   1.8697648e+03   1.5044663e+03
   3.5800000e+02   6.4367039e+03   1.8697648e+03   1.5049832e+03
   3.5900000e+02   6.4281590e+03   1.8697648e+03   1.5054975e+03
   3.6000000e+02   6.4195707e+03   1.8697648e+03   1.5060092e+03
   3.6100000e+02   6.4109388e+03   1.8697648e+03   1.5065184e+03
   3.6200000e+02   6.4022633e+03   1.8697648e+03   1.5070250e+03
   3.6300000e+02   6.3935441e+03   1.8697648e+03   1.5075292e+03
   3.6400000e+02   6.3847812e+03   1.8697648e+03   1.5080308e+03
   3.6500000e+02   6.3759745e+03   1.8697648e+03   1.5085300e+03
   3.6600000e+02   6.3671240e+03   1.8697648e+03   1.5090267e+03
   3.6700000e+02   6.3582296e+03   1.8697648e+03   1.5095209e+03
   3.6800000e+02   6.3492912e+03   1.8697648e+03   1.5100127e+03
   3.6900000e+02   6.3403090e+03   1.8697648e+03   1.5105021e+03
   3.7000000e+02   6.3312827e+03   1.8697648e+03   1.5109890e+03
   3.7100000e+02   6.3222124e+03   1.8697648e+03   1.5114736e+03
   3.7200000e+02   6.3130980e+03   1.8697648e+03   1.5119557e+03
   3.7300000e+02   6.3039396e+03   1.8697648e+03   1.5124355e+03
   3.7400000e+02   6.2947370e+03   1.8697648e+03   1.5129129e+03
   3.7500000e+02   6.2854903e+03   1.8697648e+03   1.5133880e+03
   3.7600000e+02   6.2761995e+03   1.8697648e+03   1.5138607e+03
   3.7700000e+02   6.2668645e+03   1.8697648e+03   1.5143311e+03
   3.7800000e+02   6.2574853e+03   1.8697648e+03   1.5147991e+03
   3.7900000e+02   6.2480620e+03   1.8697648e+03   1.5152649e+03
   3.8000000e+02   6.2385945e+03   1.8697648e+03   1.5157284e+03
   3.8100000e+02   6.2290828e+03   1.8697648e+03   1.5161896e+03
   3.8200000e+02   6.2195270e+03   1.8697648e+03   1.5166485e+03
   3.8300000e+02   6.2099270e+03   1.8697648e+03   1.5171052e+03
   3.8400000e+02   6.2002829e+03   1.8697648e+03   1.5175597e+03
   3.8500000e+02   6.1905946e+03   1.8697648e+03   1.5180119e+03
   3.8600000e+02   6.1808622e+03   1.8697648e+03   1.5184619e+03
   3.8700000e+02   6.1710858e+03   1.8697648e+03   1.5189097e+03
   3.8800000e+02   6.1612652e+03   1.8697648e+03   1.5193553e+03
   3.8900000e+02   6.1514007e+03   1.8697648e+03   1.5197987e+03
   3.9000000e+02   6.1414921e+03   1.8697648e+03   1.5202399e+03
   3.9100000e+02   6.1315395e+03   1.8697648e+03   1.5206790e+03
   3.9200000e+02   6.1215431e+03   1.8697648e+03   1.5211159e+03
   3.9300000e+02   6.1115027e+03   1.8697648e+03   1.5215507e+03
   3.9400000e+02   6.1014184e+03   1.8697648e+03   1.5219834e+03
   3.9500000e+02   6.0912904e+03   1.8697648e+03   1.5224139e+03
   3.9600000e+02   6.0811185e+03   1.8697648e+03   1.5228423e+03
   3.9700000e+02   6.0709030e+03   1.8697648e+03   1.5232687e+03
   3.9800000e+02   6.0606438e+03   1.8697648e+03   1.5236929e+03
   3.9900000e+02   6.0503409e+03   1.8697648e+03   1.5241151e+03
   4.0000000e+02   6.0399945e+03   1.8697648e+03   1.5245352e+03
   4.0100000e+02   6.0296046e+03   1.8697648e+03   1.5249533e+03
   4.0200000e+02   6.0191712e+03   1.8697648e+03   1.5253693e+03
   4.0300000e+02   6.0086944e+03   1.8697648e+03   1.5257833e+03
   4.0400000e+02   5.9981743e+03   1.8697648e+03   1.5261952e+03
   4.0500000e+02   5.9876108e+03   1.8697648e+03   1.5266051e+03
   4.0600000e+02   5.9770042e+03   1.8697648e+03   1.5270131e+03
   4.0700000e+02   5.9663543e+03   1.8697648e+03   1.5274190e+03
   4.0800000e+02   5.9556613e+03   1.8697648e+03   1.5278230e+03
   4.0900000e+02   5.9449252e+03   1.8697648e+03   1.5282250e+03
   4.1000000e+02   5.9341461e+03   1.8697648e+03   1.5286250e+03
   4.1100000e+02   5.9233239e+03   1.8697648e+03   1.5290230e+03
   4.1200000e+02   5.9124589e+03   1.8697648e+03   1.5294192e+03
   4.1300000e+02   5.9015509e+03   1.8697648e+03   1.5298133e+03
   4.1400000e+02   5.8906001e+03   1.8697648e+03   1.5302056e+03
   4.1500000e+02   5.8796064e+03   1.8697648e+03   1.5305959e+03
   4.1600000e+02   5.8685699e+03   1.8697648e+03   1.5309844e+03
   4.1700000e+02   5.8574906e+03   1.8697648e+03   1.5313709e+03
   4.1800000e+02   5.8463686e+03   1.8697648e+03   1.5317555e+03
   4.1900000e+02   5.8352038e+03   1.8697648e+03   1.5321383e+03
   4.2000000e+02   5.8239962e+03   1.8697648e+03   1.5325192e+03
   4.2100000e+02   5.8127458e+03   1.8697648e+03   1.5328982e+03
   4.2200000e+02   5.8014526e+03   1.8697648e+03   1.5332754e+03
   4.2300000e+02   5.7901167e+03   1.8697648e+03   1.5336507e+03
   4.2400000e+02   5.7787378e+03   1.8697648e+03   1.5340242e+03
   4.2500000e+02   5.7673160e+03   1.8697648e+03   1.5343958e+03
   4.2600000e+02   5.7558513e+03   1.8697648e+03   1.5347657e+03
   4.2700000e+02   5.7443435e+03   1.8697648e+03   1.5351337e+03
   4.2800000e+02   5.7327925e+03   1.8697648e+03   1.5354999e+03
   4.2900000e+02   5.7211982e+03   1.8697648e+03   1.5358644e+03
   4.3000000e+02   5.7095606e+03   1.8697648e+03   1.5362270e+03
   4.3100000e+02   5.6978794e+03   1.8697648e+03   1.5365879e+03
   4.3200000e+02   5.6861545e+03   1.8697648e+03   1.5369470e+03
   4.3300000e+02   5.6743857e+03   1.8697648e+03   1.5373043e+03
   4.3400000e+02   5.6625727e+03   1.8697648e+03   1.5376599e+03
   4.3500000e+02   5.6507155e+03   1.8697648e+03   1.5380137e+03
   4.3600000e+02   5.6388135e+03   1.8697648e+03   1.5383658e+03
   4.3700000e+02   5.6268667e+03   1.8697648e+03   1.5387162e+03
   4.3800000e+02   5.6148747e+03   1.8697648e+03   1.5390649e+03
   4.3900000e+02   5.6028370e+03   1.8697648e+03   1.5394118e+03
   4.4000000e+02   5.5907535e+03   1.8697648e+03   1.5397570e+03
   4.4100000e+02   5.5786235e+03   1.8697648e+03   1.5401006e+03
   4.4200000e+02   5.5664467e+03   1.8697648e+03   1.5404424e+03
   4.4300000e+02   5.5542226e+03   1.8697648e+03   1.5407826e+03
   4.4400000e+02   5.5419506e+03   1.8697648e+03   1.5411211e+03
   4.4500000e+02   5.5296302e+03   1.8697648e+03   1.5414579e+03
   4.4600000e+02   5.5172608e+03   1.8697648e+03   1.5417930e+03
   4.4700000e+02   5.5048417e+03   1.8697648e+03   1.5421265e+03
   4.4800000e+02   5.4923721e+03   1.8697648e+03   1.5424584e+03
   4.4900000e+02   5.4798514e+03   1.8697648e+03   1.5427886e+03
   4.5000000e+02   5.4672788e+03   1.8697648e+03   1.5431172e+03
   4.5100000e+02   5.4546533e+03   1.8697648e+03   1.5434442e+03
   4.5200000e+02   5.4419740e+03   1.8697648e+03   1.5437695e+03
   4.5300000e+02   5.4292401e+03   1.8697648e+03   1.5440933e+03
   4.5400000e+02   5.4164504e+03   1.8697648e+03   1.5444154e+03
   4.5500000e+02   5.4036039e+03   1.8697648e+03   1.5447360e+03
   4.5600000e+02   5.3906994e+03   1.8697648e+03   1.5450549e+03
   4.5700000e+02   5.3777357e+03   1.8697648e+03   1.5453723e+03
   4.5800000e+02   5.3647116e+03   1.8697648e+03   1.5456881e+03
   4.5900000e+02   5.3516257e+03   1.8697648e+03   1.5460023e+03
   4.6000000e+02   5.3384767e+03   1.8697648e+03   1.5463150e+03
   4.6100000e+02   5.3252631e+03   1.8697648e+03   1.5466261e+03
   4.6200000e+02   5.3119834e+03   1.8697648e+03   1.5469357e+03
   4.6300000e+02   5.2986362e+03   1.8697648e+03   1.5472437e+03
   4.6400000e+02   5.2852198e+03   1.8697648e+03   1.5475502e+03
   4.6500000e+02   5.2717326e+03   1.8697648e+03   1.5478552e+03
   4.6600000e+02   5.2581729e+03   1.8697648e+03   1.5481587e+03
   4.6700000e+02   5.2445392e+03   1.8697648e+03   1.5484606e+03
   4.6800000e+02   5.2308297e+03   1.8697648e+03   1.5487610e+03
   4.6900000e+02   5.2170429e+03   1.8697648e+03   1.5490599e+03
   4.7000000e+02   5.2031770e+03   1.8697648e+03   1.5493574e+03
   4.7100000e+02   5.1892306e+03   1.8697648e+03   1.5496533e+03
   4.7200000e+02   5.1752023e+03   1.8697648e+03   1.5499478e+03
   4.7300000e+02   5.1610905e+03   1.8697648e+03   1.5502408e+03
   4.7400000e+02   5.1468943e+03   1.8697648e+03   1.5505323e+03
   4.7500000e+02   5.1326127e+03   1.8697648e+03   1.5508223e+03
   4.7600000e+02   5.1182450e+03   1.8697648e+03   1.5511109e+03
   4.7700000e+02   5.1037908e+03   1.8697648e+03   1.5513980e+03
   4.7800000e+02   5.0892505e+03   1.8697648e+03   1.5516837e+03
   4.7900000e+02   5.0746245e+03   1.8697648e+03   1.5519680e+03
   4.8000000e+02   5.0599144e+03   1.8697648e+03   1.5522508e+03
   4.8100000e+02   5.0451222e+03   1.8697648e+03   1.5525322e+03
   4.8200000e+02   5.0302511e+03   1.8697648e+03   1.5528121e+03
   4.8300000e+02   5.0153054e+03   1.8697648e+03   1.5530907e+03
   4.8400000e+02   5.0002909e+03   1.8697648e+03   1.5533678e+03
   4.8500000e+02   4.9852151e+03   1.8697648e+03   1.5536436e+03
   4.8600000e+02   4.9700877e+03   1.8697648e+03   1.5539179e+03
   4.8700000e+02   4.9549206e+03   1.8697648e+03   1.5541908e+03
   4.8800000e+02   4.9397293e+03   1.8697648e+03   1.5544624e+03
   4.8900000e+02   4.9245325e+03   1.8697648e+03   1.5547325e+03
   4.9000000e+02   4.9093540e+03   1.8697648e+03   1.5550013e+03
   4.9100000e+02   4.8942229e+03   1.8697648e+03   1.5552688e+03
   4.9200000e+02   4.8791755e+03   1.8697648e+03   1.5555348e+03
   4.9300000e+02   4.8642571e+03   1.8697648e+03   1.5557995e+03
   4.9400000e+02   4.8495245e+03   1.8697648e+03   1.5560628e+03
   4.9500000e+02   4.8350494e+03   1.8697648e+03   1.5563248e+03
   4.9600000e+02   4.8209237e+03   1.8697648e+03   1.5565855e+03
   4.9700000e+02   4.8072671e+03   1.8697648e+03   1.5568448e+03
   4.9800000e+02   4.7942387e+03   1.8697648e+03   1.5571028e+03
   4.9900000e+02   4.7820561e+03   1.8697648e+03   1.5573594e+03
